30 15 18
3 6 8 3
3 6 8 8
3 6 8 6
3 6 8 6
3 6 8 8
3 6 8 8
3 6 8 1
3 6 8 3
3 6 8 9
3 6 8 2
3 6 8 2
3 6 8 7
3 6 8 4
3 6 8 6
3 6 8 5
3 6 8 2
3 6 8 7
3 6 8 3
3 6 8 3
3 6 8 8
3 6 8 7
3 6 8 4
3 6 8 6
3 6 8 7
3 6 8 10
3 6 8 10
3 6 8 7
3 6 8 5
3 6 8 6
3 6 8 2
3 6 8 2
3 6 8 2
3 6 8 3
3 6 8 2
3 6 8 10
5 9 4 1
5 9 4 6
5 9 4 1
5 9 4 2
5 9 4 7
5 9 4 8
5 9 4 4
5 9 4 9
5 9 4 6
5 9 4 6
5 9 4 7
5 9 4 1
5 9 4 1
5 9 4 8
5 9 4 5
5 9 4 2
5 9 4 1
5 9 4 3
5 9 4 8
5 9 4 4
5 9 4 6
5 9 4 9
5 9 4 6
5 9 4 10
5 9 4 5
5 9 4 7
5 9 4 2
5 9 4 7
5 9 4 8
5 9 4 9
5 9 4 9
5 9 4 8
5 9 4 3
5 9 4 1
5 9 4 9
5 9 4 5
5 9 4 4
5 9 4 3
5 9 4 10
5 9 4 8
8 9 12 5
8 9 12 4
8 9 12 10
8 9 12 10
8 9 12 6
8 9 12 9
8 9 12 4
8 9 12 6
8 9 12 2
8 9 12 2
8 9 12 7
8 9 12 6
8 9 12 9
8 9 12 3
8 9 12 5
