20 20 10
4 8 6 9
4 8 6 8
4 8 6 5
4 8 6 9
4 8 6 6
4 8 6 10
4 8 6 7
4 8 6 9
4 8 6 8
4 8 6 7
4 8 6 5
4 8 6 8
4 8 6 4
4 8 6 9
4 8 6 5
4 8 6 9
4 8 6 9
4 8 6 2
4 8 6 10
4 8 6 8
4 8 6 7
4 8 6 5
4 8 6 1
4 8 6 6
4 8 6 3
10 12 6 9
10 12 6 1
10 12 6 5
10 12 6 8
10 12 6 3
10 12 6 4
10 12 6 8
10 12 6 6
10 12 6 5
10 12 6 8
10 12 6 6
10 12 6 8
10 12 6 5
10 12 6 1
10 12 6 3
10 12 6 1
10 12 6 3
10 12 6 6
10 12 6 7
10 12 6 2
10 12 6 3
10 12 6 1
10 12 6 9
10 12 6 5
10 12 6 3
10 12 6 7
10 12 6 8
10 12 6 2
10 12 6 7
10 12 6 1
10 12 6 6
10 12 6 3
14 14 8 10
14 14 8 4
14 14 8 2
14 14 8 2
14 14 8 3
14 14 8 2
14 14 8 4
14 14 8 7
14 14 8 10
14 14 8 10
14 14 8 8
14 14 8 5
14 14 8 8
14 14 8 9
14 14 8 5
14 14 8 5
14 14 8 3
14 14 8 7
14 14 8 9
14 14 8 5
14 14 8 8
14 14 8 6
14 14 8 6
14 14 8 8
14 14 8 5
14 14 8 8
14 14 8 4
14 14 8 5
14 14 8 3
14 14 8 6
14 14 8 5
14 14 8 1
14 14 8 3
14 14 8 10
14 14 8 8
14 14 8 1
14 14 8 6
14 14 8 9
14 14 8 4
14 14 8 6
14 14 8 4
14 14 8 6
14 14 8 7
14 14 8 1
14 14 8 4
