15 12 20
6 6 9 8
6 6 9 3
6 6 9 3
6 6 9 9
6 6 9 6
6 6 9 7
6 6 9 4
6 6 9 8
6 6 9 3
6 6 9 6
6 6 9 5
6 6 9 9
6 6 9 4
6 6 9 1
6 6 9 10
6 6 9 1
6 6 9 2
6 6 9 10
6 6 9 2
6 6 9 4
6 6 9 10
6 6 9 6
6 6 9 10
6 6 9 7
6 6 9 1
12 10 8 9
12 10 8 4
12 10 8 10
12 10 8 9
12 10 8 8
12 10 8 4
12 10 8 10
12 10 8 1
12 10 8 4
12 10 8 5
12 10 8 5
12 10 8 5
12 10 8 4
12 10 8 7
12 10 8 6
12 10 8 4
12 10 8 5
12 10 8 5
12 10 8 5
12 10 8 6
12 10 8 6
12 10 8 10
12 10 8 6
12 10 8 1
12 10 8 4
4 7 5 3
4 7 5 5
4 7 5 3
4 7 5 1
4 7 5 5
4 7 5 10
4 7 5 5
4 7 5 3
4 7 5 4
4 7 5 5
4 7 5 9
4 7 5 9
4 7 5 6
4 7 5 7
4 7 5 10
7 9 11 2
7 9 11 1
7 9 11 3
7 9 11 8
7 9 11 6
7 9 11 1
7 9 11 7
7 9 11 7
7 9 11 1
7 9 11 3
7 9 11 2
7 9 11 7
7 9 11 1
7 9 11 7
7 9 11 1
7 9 11 4
7 9 11 6
7 9 11 6
7 9 11 4
7 9 11 7
