48 70 32
15 18 17 1
15 18 17 6
15 18 17 5
15 18 17 10
15 18 17 1
15 18 17 10
15 18 17 3
15 18 17 9
15 18 17 3
15 18 17 7
15 18 17 1
15 18 17 5
15 18 17 7
15 18 17 9
15 18 17 1
15 18 17 8
15 18 17 9
15 18 17 5
15 18 17 7
15 18 17 2
15 18 17 1
15 18 17 8
15 18 17 2
15 18 17 8
15 18 17 8
15 18 17 5
15 18 17 10
15 18 17 9
15 18 17 10
15 18 17 5
15 18 17 4
15 18 17 6
15 18 17 6
15 18 17 4
15 18 17 2
11 14 11 9
11 14 11 2
11 14 11 3
11 14 11 10
11 14 11 1
11 14 11 1
11 14 11 6
11 14 11 8
11 14 11 4
11 14 11 5
11 14 11 9
11 14 11 9
11 14 11 7
11 14 11 7
11 14 11 8
11 14 11 7
11 14 11 2
11 14 11 1
11 14 11 5
11 14 11 7
11 14 11 3
11 14 11 7
11 14 11 1
11 14 11 10
11 14 11 9
11 14 11 5
11 14 11 4
11 14 11 7
11 14 11 9
11 14 11 1
24 16 15 1
24 16 15 7
24 16 15 2
24 16 15 6
24 16 15 2
24 16 15 6
24 16 15 1
24 16 15 4
24 16 15 2
24 16 15 3
24 16 15 1
24 16 15 3
24 16 15 9
24 16 15 3
24 16 15 10
24 16 15 7
24 16 15 7
24 16 15 4
24 16 15 5
24 16 15 1
24 16 15 5
24 16 15 1
24 16 15 2
24 16 15 2
24 16 15 9
