60 52 64
36 28 24 9
36 28 24 7
36 28 24 5
36 28 24 7
36 28 24 4
36 28 24 7
36 28 24 5
36 28 24 4
36 28 24 9
36 28 24 7
36 28 24 2
36 28 24 8
36 28 24 7
36 28 24 3
36 28 24 2
36 28 24 5
36 28 24 4
36 28 24 9
36 28 24 3
36 28 24 8
36 28 24 5
36 28 24 3
36 28 24 8
36 28 24 2
36 28 24 1
36 28 24 5
36 28 24 6
36 28 24 5
36 28 24 4
36 28 24 10
36 28 24 9
36 28 24 8
36 28 24 6
36 28 24 2
36 28 24 8
36 28 24 7
36 28 24 5
36 28 24 2
36 28 24 5
36 28 24 2
36 28 24 9
36 28 24 6
36 28 24 8
36 28 24 8
36 28 24 7
36 28 24 10
36 28 24 2
36 28 24 10
36 28 24 10
36 28 24 7
40 32 20 9
40 32 20 9
40 32 20 2
40 32 20 6
40 32 20 5
40 32 20 1
40 32 20 10
40 32 20 7
40 32 20 8
40 32 20 4
40 32 20 9
40 32 20 9
40 32 20 9
40 32 20 4
40 32 20 8
40 32 20 8
40 32 20 3
40 32 20 2
40 32 20 8
40 32 20 1
40 32 20 9
40 32 20 5
40 32 20 5
40 32 20 10
40 32 20 10
40 32 20 6
40 32 20 3
40 32 20 3
40 32 20 8
40 32 20 7
40 32 20 5
40 32 20 3
40 32 20 5
40 32 20 2
40 32 20 3
40 32 20 5
40 32 20 3
40 32 20 7
40 32 20 2
40 32 20 9
40 32 20 4
40 32 20 3
40 32 20 10
40 32 20 5
40 32 20 5
40 32 20 2
40 32 20 4
40 32 20 5
40 32 20 2
40 32 20 10
40 32 20 4
40 32 20 2
40 32 20 7
40 32 20 2
40 32 20 6
40 32 20 5
40 32 20 4
40 32 20 9
40 32 20 1
40 32 20 9
