40 55 38
21 13 11 4
21 13 11 7
21 13 11 4
21 13 11 7
21 13 11 10
21 13 11 6
21 13 11 3
21 13 11 7
21 13 11 10
21 13 11 5
21 13 11 1
21 13 11 7
21 13 11 4
21 13 11 8
21 13 11 3
21 13 11 8
21 13 11 2
21 13 11 7
21 13 11 1
21 13 11 9
21 13 11 8
21 13 11 6
21 13 11 9
21 13 11 7
21 13 11 4
11 13 19 2
11 13 19 10
11 13 19 5
11 13 19 1
11 13 19 10
11 13 19 5
11 13 19 10
11 13 19 1
11 13 19 10
11 13 19 4
11 13 19 3
11 13 19 1
11 13 19 1
11 13 19 4
11 13 19 10
11 13 19 10
11 13 19 7
11 13 19 2
11 13 19 2
11 13 19 1
10 14 6 10
10 14 6 5
10 14 6 3
10 14 6 5
10 14 6 4
10 14 6 9
10 14 6 7
10 14 6 3
10 14 6 3
10 14 6 3
10 14 6 8
10 14 6 2
10 14 6 2
10 14 6 4
10 14 6 9
10 14 6 10
10 14 6 4
10 14 6 7
10 14 6 2
10 14 6 1
8 13 5 5
8 13 5 7
8 13 5 6
8 13 5 1
8 13 5 3
8 13 5 6
8 13 5 8
8 13 5 10
8 13 5 5
8 13 5 7
8 13 5 5
8 13 5 9
8 13 5 2
8 13 5 3
8 13 5 3
8 13 5 9
8 13 5 5
8 13 5 3
8 13 5 10
8 13 5 2
8 13 5 2
8 13 5 1
8 13 5 2
8 13 5 4
8 13 5 3
8 13 5 8
8 13 5 10
8 13 5 3
8 13 5 5
8 13 5 5
8 13 5 2
8 13 5 3
8 13 5 9
8 13 5 4
