35 32 40
10 13 11 6
10 13 11 9
10 13 11 5
10 13 11 1
10 13 11 2
10 13 11 1
10 13 11 1
10 13 11 9
10 13 11 4
10 13 11 7
10 13 11 1
10 13 11 2
10 13 11 1
10 13 11 6
10 13 11 10
10 13 11 3
10 13 11 3
10 13 11 6
8 9 10 8
8 9 10 6
8 9 10 9
8 9 10 9
8 9 10 3
8 9 10 9
8 9 10 1
8 9 10 7
8 9 10 3
8 9 10 10
8 9 10 10
8 9 10 2
8 9 10 3
8 9 10 8
8 9 10 3
8 9 10 3
8 9 10 4
8 9 10 6
8 9 10 5
8 9 10 8
7 12 15 3
7 12 15 10
7 12 15 9
7 12 15 2
7 12 15 4
7 12 15 8
7 12 15 1
7 12 15 5
7 12 15 7
7 12 15 8
7 12 15 5
7 12 15 7
14 15 11 6
14 15 11 7
14 15 11 6
14 15 11 4
14 15 11 6
14 15 11 7
14 15 11 1
14 15 11 4
14 15 11 3
14 15 11 8
14 15 11 9
14 15 11 4
14 15 11 3
14 15 11 6
14 15 11 3
14 15 11 8
14 15 11 4
14 15 11 8
14 15 11 4
14 15 11 9
14 15 11 1
14 15 11 9
