25 21 25
7 8 3 2
7 8 3 9
7 8 3 4
7 8 3 7
7 8 3 1
7 8 3 7
7 8 3 1
7 8 3 9
7 8 3 3
7 8 3 1
7 8 3 3
7 8 3 10
7 8 3 6
7 8 3 4
7 8 3 8
7 8 3 4
7 8 3 3
7 8 3 3
7 8 3 1
7 8 3 5
7 8 3 1
7 8 3 2
7 8 3 5
7 8 3 7
7 8 3 1
7 8 3 7
7 8 3 4
7 8 3 5
7 8 3 6
7 8 3 5
7 8 3 1
7 8 3 1
7 8 3 7
7 8 3 6
7 8 3 10
7 8 3 7
7 8 3 7
7 8 3 10
7 8 3 4
7 8 3 10
7 8 3 2
7 8 3 5
7 8 3 6
7 8 3 8
7 8 3 10
7 8 3 8
7 8 3 9
7 8 3 5
7 8 3 9
7 8 3 6
7 8 3 5
7 8 3 3
7 8 3 8
7 8 3 2
7 8 3 2
7 8 3 8
12 11 4 2
12 11 4 8
12 11 4 2
12 11 4 8
12 11 4 9
12 11 4 5
12 11 4 3
12 11 4 3
12 11 4 1
12 11 4 2
12 11 4 6
12 11 4 3
12 11 4 8
12 11 4 6
12 11 4 6
12 11 4 5
12 11 4 3
12 11 4 7
12 11 4 10
12 11 4 1
12 11 4 4
12 11 4 2
12 11 4 5
12 11 4 5
12 11 4 3
12 11 4 6
12 11 4 10
12 11 4 10
