25 17 30
6 8 11 7
6 8 11 1
6 8 11 7
6 8 11 10
6 8 11 9
6 8 11 5
6 8 11 10
6 8 11 5
6 8 11 8
6 8 11 7
6 8 11 1
6 8 11 10
6 8 11 7
6 8 11 5
6 8 11 5
6 8 11 2
6 8 11 9
6 8 11 2
6 8 11 3
6 8 11 1
6 8 11 10
6 8 11 3
6 8 11 8
6 8 11 8
6 8 11 2
6 8 11 2
6 8 11 1
6 8 11 8
6 8 11 2
6 8 11 10
6 8 11 1
6 8 11 5
6 8 11 9
6 8 11 3
6 8 11 5
6 8 11 4
6 8 11 5
6 8 11 3
6 8 11 7
6 8 11 8
6 8 11 1
6 8 11 6
6 8 11 8
5 15 9 8
5 15 9 7
5 15 9 2
5 15 9 7
5 15 9 10
5 15 9 5
5 15 9 5
5 15 9 4
5 15 9 6
5 15 9 3
5 15 9 2
5 15 9 6
5 15 9 5
5 15 9 3
5 15 9 5
5 15 9 3
5 15 9 4
5 15 9 5
5 15 9 6
5 15 9 7
5 15 9 10
5 15 9 9
4 13 7 9
4 13 7 2
4 13 7 10
4 13 7 9
4 13 7 8
4 13 7 9
4 13 7 10
4 13 7 9
4 13 7 10
4 13 7 3
4 13 7 6
4 13 7 6
4 13 7 7
4 13 7 7
4 13 7 1
4 13 7 7
4 13 7 6
4 13 7 5
4 13 7 5
4 13 7 6
4 13 7 7
4 13 7 9
4 13 7 7
4 13 7 3
4 13 7 3
4 13 7 8
4 13 7 9
4 13 7 3
4 13 7 8
4 13 7 4
