23 20 27
5 11 14 10
5 11 14 1
5 11 14 1
5 11 14 2
5 11 14 2
5 11 14 3
5 11 14 4
5 11 14 2
5 11 14 4
5 11 14 9
5 11 14 4
5 11 14 2
5 11 14 1
5 11 14 5
5 11 14 4
5 11 14 1
5 11 14 2
5 11 14 8
5 11 14 4
5 11 14 1
5 11 14 5
5 11 14 9
5 11 14 4
5 11 14 4
5 11 14 8
5 11 14 4
5 11 14 8
5 11 14 9
5 11 14 2
5 11 14 10
9 12 10 5
9 12 10 6
9 12 10 4
9 12 10 4
9 12 10 3
9 12 10 3
9 12 10 5
9 12 10 7
9 12 10 9
9 12 10 8
9 12 10 4
9 12 10 3
9 12 10 3
9 12 10 4
9 12 10 8
9 12 10 8
9 12 10 3
9 12 10 9
9 12 10 2
9 12 10 8
9 12 10 8
9 12 10 5
9 12 10 6
9 12 10 3
9 12 10 9
9 12 10 7
9 12 10 2
9 12 10 4
7 13 17 3
7 13 17 1
7 13 17 8
7 13 17 1
7 13 17 9
7 13 17 10
7 13 17 1
7 13 17 4
7 13 17 10
7 13 17 3
7 13 17 10
7 13 17 3
7 13 17 8
7 13 17 5
7 13 17 10
7 13 17 9
7 13 17 1
7 13 17 1
7 13 17 4
7 13 17 7
7 13 17 4
7 13 17 2
7 13 17 5
7 13 17 4
7 13 17 5
7 13 17 5
7 13 17 4
7 13 17 9
7 13 17 4
7 13 17 6
7 13 17 9
7 13 17 2
7 13 17 1
7 13 17 3
7 13 17 9
7 13 17 10
7 13 17 10
10 10 8 6
10 10 8 5
10 10 8 7
10 10 8 9
10 10 8 9
10 10 8 2
10 10 8 10
10 10 8 5
10 10 8 10
10 10 8 6
10 10 8 5
10 10 8 4
10 10 8 2
10 10 8 5
10 10 8 1
10 10 8 7
10 10 8 6
10 10 8 5
10 10 8 7
10 10 8 9
10 10 8 5
10 10 8 5
10 10 8 6
