23 18 30
6 8 11 2
6 8 11 7
6 8 11 6
6 8 11 4
6 8 11 4
6 8 11 8
6 8 11 9
6 8 11 6
6 8 11 7
6 8 11 6
6 8 11 9
6 8 11 4
6 8 11 2
6 8 11 10
6 8 11 10
6 8 11 9
6 8 11 2
6 8 11 10
6 8 11 10
6 8 11 7
5 15 9 5
5 15 9 4
5 15 9 8
5 15 9 6
5 15 9 8
5 15 9 7
5 15 9 8
5 15 9 1
5 15 9 6
5 15 9 4
5 15 9 7
5 15 9 2
5 15 9 8
5 15 9 5
5 15 9 1
5 15 9 6
5 15 9 9
4 13 7 7
4 13 7 9
4 13 7 6
4 13 7 5
4 13 7 6
4 13 7 1
4 13 7 10
4 13 7 5
4 13 7 5
4 13 7 4
4 13 7 1
4 13 7 1
4 13 7 10
12 13 8 1
12 13 8 4
12 13 8 8
12 13 8 3
12 13 8 4
12 13 8 7
12 13 8 6
12 13 8 9
12 13 8 3
12 13 8 6
12 13 8 1
12 13 8 1
12 13 8 3
12 13 8 6
12 13 8 6
12 13 8 10
12 13 8 2
12 13 8 2
12 13 8 6
12 13 8 4
12 13 8 8
12 13 8 6
12 13 8 2
12 13 8 6
10 14 11 3
10 14 11 10
10 14 11 2
10 14 11 9
10 14 11 2
10 14 11 8
10 14 11 8
10 14 11 4
10 14 11 1
10 14 11 3
10 14 11 5
10 14 11 3
10 14 11 2
10 14 11 2
10 14 11 6
10 14 11 3
10 14 11 4
10 14 11 10
10 14 11 1
10 14 11 10
10 14 11 6
