24 20 24
18 10 8 1
18 10 8 10
18 10 8 7
18 10 8 8
18 10 8 1
18 10 8 5
18 10 8 5
18 10 8 5
18 10 8 10
18 10 8 8
18 10 8 5
18 10 8 3
18 10 8 7
18 10 8 7
18 10 8 7
18 10 8 4
18 10 8 9
18 10 8 9
18 10 8 7
18 10 8 4
18 10 8 7
18 10 8 5
18 10 8 9
18 10 8 3
18 10 8 4
18 10 8 5
18 10 8 7
18 10 8 8
12 14 10 1
12 14 10 5
12 14 10 10
12 14 10 2
12 14 10 9
12 14 10 6
12 14 10 8
12 14 10 2
12 14 10 8
12 14 10 2
12 14 10 10
12 14 10 7
12 14 10 8
12 14 10 8
12 14 10 7
12 14 10 3
12 14 10 10
12 14 10 6
12 14 10 4
12 14 10 9
12 14 10 5
12 14 10 10
12 14 10 9
12 14 10 4
12 14 10 3
12 14 10 5
12 14 10 6
12 14 10 10
12 14 10 1
12 14 10 1
12 14 10 7
12 14 10 1
12 14 10 9
12 14 10 4
12 14 10 6
12 14 10 10
12 14 10 2
6 10 8 7
6 10 8 10
6 10 8 8
6 10 8 3
6 10 8 8
6 10 8 9
6 10 8 6
6 10 8 1
6 10 8 3
6 10 8 1
6 10 8 7
6 10 8 10
6 10 8 9
6 10 8 4
6 10 8 8
6 10 8 4
6 10 8 2
6 10 8 3
6 10 8 2
6 10 8 4
6 10 8 3
6 10 8 9
6 10 8 3
6 10 8 6
6 10 8 9
6 10 8 1
6 10 8 9
6 10 8 4
6 10 8 4
6 10 8 4
