35 35 40
15 20 25 10
15 20 25 1
15 20 25 10
15 20 25 6
15 20 25 3
15 20 25 8
15 20 25 1
15 20 25 4
15 20 25 7
15 20 25 6
15 20 25 1
15 20 25 4
15 20 25 3
15 20 25 2
15 20 25 5
15 20 25 6
15 20 25 8
15 20 25 4
15 20 25 3
15 20 25 1
15 20 25 9
15 20 25 6
15 20 25 7
15 20 25 3
15 20 25 8
10 15 10 9
10 15 10 6
10 15 10 3
10 15 10 9
10 15 10 8
10 15 10 8
10 15 10 6
10 15 10 3
10 15 10 2
10 15 10 5
10 15 10 4
10 15 10 2
10 15 10 4
10 15 10 6
10 15 10 6
10 15 10 1
10 15 10 10
10 15 10 7
10 15 10 8
10 15 10 8
10 15 10 8
10 15 10 6
10 15 10 10
10 15 10 10
10 15 10 4
10 15 10 8
10 15 10 9
10 15 10 3
10 15 10 8
10 15 10 2
20 25 35 5
20 25 35 6
20 25 35 8
20 25 35 10
20 25 35 7
20 25 35 4
20 25 35 5
20 25 35 7
20 25 35 8
20 25 35 2
20 25 35 10
20 25 35 5
20 25 35 9
20 25 35 1
20 25 35 9
20 25 35 10
20 25 35 8
20 25 35 1
20 25 35 2
20 25 35 5
20 25 35 10
20 25 35 8
20 25 35 1
20 25 35 3
20 25 35 10
20 25 35 10
20 25 35 4
20 25 35 10
20 25 35 4
20 25 35 10
20 25 35 6
20 25 35 1
20 25 35 8
20 25 35 6
20 25 35 1
20 25 35 9
20 25 35 3
20 25 35 10
20 25 35 6
20 25 35 9
