
Vehicle 1. Dimensions (21, 18, 30).
2 	 0 	 10 	10 	 7	 4	 10	 NA
3 	 0 	 6 	0 	 7	 4	 10	 NA
4 	 0 	 14 	10 	 7	 4	 10	 NA
5 	 0 	 0 	10 	 7	 4	 10	 NA
6 	 0 	 14 	0 	 7	 4	 10	 NA
7 	 14 	 0 	17 	 7	 4	 10	 NA
8 	 0 	 10 	0 	 7	 4	 10	 NA
9 	 0 	 6 	20 	 7	 4	 10	 NA
10 	 7 	 9 	2 	 7	 4	 10	 NA
11 	 7 	 5 	5 	 7	 4	 10	 NA
12 	 0 	 14 	20 	 7	 4	 10	 NA
13 	 0 	 0 	0 	 7	 4	 10	 NA
14 	 0 	 6 	10 	 7	 4	 10	 NA
15 	 14 	 0 	0 	 7	 4	 10	 NA
16 	 0 	 10 	20 	 7	 4	 10	 NA
17 	 11 	 0 	4 	 3	 5	 11	 NA
18 	 10 	 13 	0 	 3	 5	 11	 NA
19 	 12 	 8 	17 	 3	 5	 11	 NA
20 	 18 	 4 	17 	 3	 5	 11	 NA
21 	 15 	 13 	9 	 3	 5	 11	 NA
22 	 7 	 13 	17 	 3	 5	 11	 NA
23 	 8 	 0 	17 	 3	 5	 11	 NA
24 	 18 	 13 	6 	 3	 5	 11	 NA
25 	 7 	 0 	4 	 3	 5	 11	 NA
26 	 11 	 0 	17 	 3	 5	 11	 NA
27 	 7 	 13 	4 	 3	 5	 11	 NA
28 	 12 	 13 	17 	 3	 5	 11	 NA
29 	 7 	 9 	15 	 6	 9	 2	 NA
30 	 7 	 0 	15 	 6	 9	 2	 NA
31 	 15 	 4 	0 	 6	 9	 2	 NA
32 	 15 	 0 	15 	 6	 9	 2	 NA
33 	 15 	 4 	7 	 6	 9	 2	 NA
34 	 7 	 0 	2 	 6	 9	 2	 NA
35 	 8 	 4 	0 	 6	 9	 2	 NA
36 	 15 	 9 	26 	 6	 9	 2	 NA
37 	 15 	 9 	22 	 6	 9	 2	 NA
38 	 15 	 0 	28 	 6	 9	 2	 NA
39 	 15 	 0 	11 	 6	 9	 2	 NA
40 	 8 	 0 	28 	 6	 9	 2	 NA
41 	 15 	 9 	20 	 6	 9	 2	 NA
42 	 15 	 0 	13 	 6	 9	 2	 NA
43 	 15 	 9 	4 	 6	 9	 2	 NA
44 	 15 	 9 	24 	 6	 9	 2	 NA
45 	 15 	 9 	28 	 6	 9	 2	 NA
46 	 15 	 4 	2 	 6	 9	 2	 NA
47 	 9 	 9 	28 	 6	 9	 2	 NA
48 	 15 	 4 	9 	 6	 9	 2	 NA

Vehicles used: 1

Mean volume used per vehicle: 0.7354

Node count: 735

Time to solve: 15.0310s

MIPGap: 0.0000
