
Vehicle 1. Dimensions (57, 69, 44).
8 	 42 	 51 	11 	 15	 18	 17	 NA
11 	 24 	 33 	11 	 15	 18	 17	 NA
16 	 15 	 51 	27 	 15	 18	 17	 NA
18 	 24 	 51 	0 	 15	 18	 17	 NA
19 	 42 	 33 	11 	 15	 18	 17	 NA
26 	 0 	 0 	27 	 15	 18	 17	 NA
28 	 0 	 51 	27 	 15	 18	 17	 NA
34 	 18 	 0 	27 	 15	 18	 17	 NA
40 	 15 	 37 	33 	 11	 14	 11	 NA
41 	 46 	 55 	0 	 11	 14	 11	 NA
43 	 22 	 19 	15 	 11	 14	 11	 NA
49 	 30 	 55 	18 	 11	 14	 11	 NA
52 	 11 	 19 	15 	 11	 14	 11	 NA
53 	 15 	 0 	0 	 11	 14	 11	 NA
54 	 4 	 3 	0 	 11	 14	 11	 NA
55 	 46 	 19 	0 	 11	 14	 11	 NA
56 	 31 	 0 	0 	 11	 14	 11	 NA
59 	 46 	 0 	3 	 11	 14	 11	 NA
65 	 0 	 37 	33 	 11	 14	 11	 NA
67 	 0 	 33 	0 	 24	 16	 15	 NA
69 	 0 	 0 	12 	 24	 16	 15	 NA
71 	 0 	 35 	17 	 24	 16	 15	 NA
72 	 0 	 17 	0 	 24	 16	 15	 NA
73 	 0 	 19 	29 	 24	 16	 15	 NA
77 	 33 	 0 	29 	 24	 16	 15	 NA
80 	 33 	 35 	28 	 24	 16	 15	 NA
83 	 0 	 53 	0 	 24	 16	 15	 NA
85 	 33 	 0 	14 	 24	 16	 15	 NA
89 	 33 	 16 	29 	 24	 16	 15	 NA
90 	 33 	 17 	14 	 24	 16	 15	 NA
91 	 33 	 53 	29 	 24	 16	 15	 NA

Vehicles used: 1

Mean volume used per vehicle: 0.7193

Node count: 3146

Time to solve: 449.7543s

MIPGap: 0.3903
