
Vehicle 1. Dimensions (20, 15, 29).
2 	 0 	 0 	8 	 7	 4	 10	 NA
3 	 13 	 0 	0 	 7	 4	 10	 NA
4 	 13 	 6 	3 	 7	 4	 10	 NA
5 	 6 	 4 	19 	 7	 4	 10	 NA
6 	 7 	 11 	0 	 7	 4	 10	 NA
9 	 13 	 11 	18 	 7	 4	 10	 NA
11 	 13 	 5 	17 	 7	 4	 10	 NA
12 	 6 	 6 	4 	 7	 4	 10	 NA
13 	 0 	 0 	19 	 7	 4	 10	 NA
14 	 6 	 11 	19 	 7	 4	 10	 NA
15 	 7 	 0 	19 	 7	 4	 10	 NA
16 	 0 	 11 	0 	 7	 4	 10	 NA
17 	 17 	 10 	2 	 3	 5	 11	 NA
18 	 10 	 0 	5 	 3	 5	 11	 NA
20 	 0 	 4 	18 	 3	 5	 11	 NA
21 	 14 	 0 	16 	 3	 5	 11	 NA
22 	 14 	 10 	4 	 3	 5	 11	 NA
23 	 17 	 0 	16 	 3	 5	 11	 NA
25 	 3 	 10 	18 	 3	 5	 11	 NA
26 	 3 	 5 	18 	 3	 5	 11	 NA
27 	 7 	 0 	4 	 3	 5	 11	 NA
28 	 0 	 10 	18 	 3	 5	 11	 NA
30 	 0 	 5 	12 	 6	 9	 2	 NA
32 	 0 	 4 	16 	 6	 9	 2	 NA
33 	 14 	 4 	0 	 6	 9	 2	 NA
34 	 0 	 1 	0 	 6	 9	 2	 NA
35 	 14 	 6 	15 	 6	 9	 2	 NA
36 	 7 	 1 	0 	 6	 9	 2	 NA
37 	 0 	 2 	6 	 6	 9	 2	 NA
38 	 7 	 6 	14 	 6	 9	 2	 NA
39 	 0 	 0 	4 	 6	 9	 2	 NA
40 	 0 	 0 	2 	 6	 9	 2	 NA
42 	 7 	 0 	2 	 6	 9	 2	 NA
43 	 14 	 0 	13 	 6	 9	 2	 NA
44 	 0 	 6 	10 	 6	 9	 2	 NA
46 	 0 	 6 	14 	 6	 9	 2	 NA
47 	 7 	 0 	16 	 6	 9	 2	 NA
48 	 14 	 2 	27 	 6	 9	 2	 NA

Vehicles used: 1

Mean volume used per vehicle: 0.7745

Node count: 66495

Time to solve: 894.5062s

MIPGap: 0.2378
